{
    "filtertemporal2": {
        "result": false,
        "process_id": "filter_temporal",
        "arguments": {
            "extent": [
                "2018-05-01",
                "2018-10-01"
            ],
            "data": {
                "from_node": "reduce3"
            }
        }
    },
    "mask1": {
        "result": false,
        "process_id": "mask",
        "arguments": {
            "replacement": null,
            "mask": {
                "from_node": "filtertemporal2"
            },
            "data": {
                "from_node": "filtertemporal1"
            }
        }
    },
    "filterbbox2": {
        "result": false,
        "process_id": "filter_bbox",
        "arguments": {
            "extent": {
                "north": 51.00226308446294,
                "crs": "EPSG:4326",
                "west": 3.057030657924054,
                "east": 3.058236553549667,
                "south": 50.99958367677388
            },
            "data": {
                "from_node": "loadcollection2"
            }
        }
    },
    "reduce2": {
        "result": false,
        "process_id": "reduce",
        "arguments": {
            "reducer": {
                "callback": {
                    "and1": {
                        "result": true,
                        "process_id": "and",
                        "arguments": {
                            "expressions": [
                                {
                                    "from_node": "not1"
                                },
                                {
                                    "from_node": "not2"
                                }
                            ]
                        }
                    },
                    "eq1": {
                        "result": false,
                        "process_id": "eq",
                        "arguments": {
                            "y": 4,
                            "x": {
                                "from_node": "arrayelement1"
                            }
                        }
                    },
                    "arrayelement2": {
                        "result": false,
                        "process_id": "array_element",
                        "arguments": {
                            "index": 0,
                            "data": {
                                "from_argument": "data"
                            }
                        }
                    },
                    "not1": {
                        "result": false,
                        "process_id": "not",
                        "arguments": {
                            "expression": {
                                "from_node": "eq1"
                            }
                        }
                    },
                    "eq2": {
                        "result": false,
                        "process_id": "eq",
                        "arguments": {
                            "y": 5,
                            "x": {
                                "from_node": "arrayelement2"
                            }
                        }
                    },
                    "arrayelement1": {
                        "result": false,
                        "process_id": "array_element",
                        "arguments": {
                            "index": 0,
                            "data": {
                                "from_argument": "data"
                            }
                        }
                    },
                    "not2": {
                        "result": false,
                        "process_id": "not",
                        "arguments": {
                            "expression": {
                                "from_node": "eq2"
                            }
                        }
                    }
                }
            },
            "data": {
                "from_node": "filterbbox2"
            },
            "dimension": "spectral_bands"
        }
    },
    "loadcollection2": {
        "result": false,
        "process_id": "load_collection",
        "arguments": {
            "id": "S2_FAPAR_SCENECLASSIFICATION_V102_PYRAMID",
            "spatial_extent": null,
            "temporal_extent": null
        }
    },
    "applydimension1": {
        "result": false,
        "process_id": "apply_dimension",
        "arguments": {
            "process": {
                "callback": {
                    "udf": {
                        "arguments": {
                            "runtime": "Python",
                            "version": "latest",
                            "data": {
                                "from_argument": "data"
                            },
                            "udf": "# -*- coding: utf-8 -*-\n# Uncomment the import only for coding support\n#from openeo_udf.api.base import SpatialExtent, RasterCollectionTile, FeatureCollectionTile, UdfData\n\n__license__ = \"Apache License, Version 2.0\"\n\n\ndef rct_savitzky_golay(udf_data):\n    from scipy.signal import savgol_filter\n    import pandas as pd\n    # Iterate over each tile\n    for tile in udf_data.raster_collection_tiles:\n        timeseries_array = tile.data\n        #TODO: savitzky golay implementation assumes regularly spaced samples!\n\n        #first we ensure that there are no nodata values in our input, as this will cause everything to become nodata.\n        array_2d = timeseries_array.reshape((timeseries_array.shape[0], timeseries_array.shape[1] * timeseries_array.shape[2]))\n\n        df = pd.DataFrame(array_2d)\n        #df.fillna(method='ffill', axis=0, inplace=True)\n        df.interpolate(inplace=True,axis=0)\n        filled=df.as_matrix().reshape(timeseries_array.shape)\n\n        #now apply savitzky golay on filled data\n        smoothed_array = savgol_filter(filled, 5, 2,axis=0)\n        #print(smoothed_array)\n        tile.set_data(smoothed_array)\n\n\n# This function call is the entry point for the UDF.\n# The caller will provide all required data in the **data** object.\nrct_savitzky_golay(data)\n"
                        },
                        "process_id": "run_udf",
                        "result": true
                    }
                }
            },
            "data": {
                "from_node": "mask1"
            },
            "dimension": "temporal"
        }
    },
    "reduce3": {
        "result": false,
        "process_id": "reduce",
        "arguments": {
            "reducer": {
                "callback": {
                    "gt1": {
                        "result": true,
                        "process_id": "gt",
                        "arguments": {
                            "y": 0.1,
                            "x": {
                                "from_argument": "data"
                            }
                        }
                    }
                }
            },
            "dimension": "spectral_bands",
            "data": {
                "from_node": "applykernel1"
            }
        }
    },
    "aggregatepolygon1": {
        "result": false,
        "process_id": "aggregate_polygon",
        "arguments": {
            "reducer": {
                "callback": {
                    "unary": {
                        "result": true,
                        "process_id": "mean",
                        "arguments": {
                            "data": {
                                "from_argument": "data"
                            }
                        }
                    }
                }
            },
            "polygons": {
                "type": "MultiPolygon",
                "crs": {
                    "type": "name",
                    "properties": {
                        "name": "EPSG:4326"
                    }
                },
                "coordinates": [
                    [
                        [
                            [
                                3.057030657924054,
                                50.99980606700905
                            ],
                            [
                                3.057048253700966,
                                51.00061307047657
                            ],
                            [
                                3.057556923408403,
                                51.00064840570385
                            ],
                            [
                                3.057560072482596,
                                51.000719195987735
                            ],
                            [
                                3.057580569300681,
                                51.00218685279371
                            ],
                            [
                                3.057797789762163,
                                51.0022148947381
                            ],
                            [
                                3.057882124113178,
                                51.0022562910183
                            ],
                            [
                                3.0580885402809,
                                51.00226308446294
                            ],
                            [
                                3.058130584938904,
                                51.002221926562235
                            ],
                            [
                                3.058135066092014,
                                51.00193428072014
                            ],
                            [
                                3.058169183984724,
                                51.00109629705539
                            ],
                            [
                                3.058205482143285,
                                51.000689881248846
                            ],
                            [
                                3.058183296814521,
                                51.000657807918415
                            ],
                            [
                                3.058236553549667,
                                50.99958367677388
                            ],
                            [
                                3.058235551482295,
                                50.99958384542848
                            ],
                            [
                                3.058179527873069,
                                50.99959508920003
                            ],
                            [
                                3.058104924100208,
                                50.99961349829458
                            ],
                            [
                                3.05795988131657,
                                50.99963894478293
                            ],
                            [
                                3.057504717228427,
                                50.99972351108775
                            ],
                            [
                                3.057502855517346,
                                50.99972384997104
                            ],
                            [
                                3.057501423625286,
                                50.999724103736824
                            ],
                            [
                                3.05725684969558,
                                50.999767680362524
                            ],
                            [
                                3.057030657924054,
                                50.99980606700905
                            ]
                        ]
                    ]
                ]
            },
            "data": {
                "from_node": "applydimension1"
            }
        }
    },
    "applykernel1": {
        "result": false,
        "process_id": "apply_kernel",
        "arguments": {
            "factor": 1.0,
            "data": {
                "from_node": "reduce2"
            },
            "kernel": [
                [
                    7.979921945434161e-05,
                    0.00010316718439641956,
                    0.00013086456719877976,
                    0.00016286963709415274,
                    0.00019888212176236728,
                    0.00023828072939975078,
                    0.00028010422363674463,
                    0.0003230635451989557,
                    0.00036558958253462827,
                    0.00040591699038466635,
                    0.00044219946021749996,
                    0.00047264682703244146,
                    0.0004956702412275172,
                    0.0005100191758914615,
                    0.0005148938742110729,
                    0.0005100191758914615,
                    0.0004956702412275172,
                    0.00047264682703244146,
                    0.00044219946021749996,
                    0.00040591699038466635,
                    0.00036558958253462827,
                    0.0003230635451989557,
                    0.00028010422363674463,
                    0.00023828072939975078,
                    0.00019888212176236728,
                    0.00016286963709415274,
                    0.00013086456719877976,
                    0.00010316718439641956,
                    7.979921945434161e-05
                ],
                [
                    0.00010316718439641956,
                    0.00013337809578920336,
                    0.00016918622797907089,
                    0.00021056348668027237,
                    0.0002571216694763421,
                    0.0003080575488857113,
                    0.0003621284053621874,
                    0.00041766769859662243,
                    0.0004726468270324415,
                    0.0005247834914051422,
                    0.0005716907203379162,
                    0.000611054126747922,
                    0.0006408195910461984,
                    0.0006593703888922138,
                    0.0006656725670821147,
                    0.0006593703888922138,
                    0.0006408195910461984,
                    0.000611054126747922,
                    0.0005716907203379162,
                    0.0005247834914051422,
                    0.0004726468270324415,
                    0.00041766769859662243,
                    0.0003621284053621874,
                    0.0003080575488857113,
                    0.0002571216694763421,
                    0.00021056348668027237,
                    0.00016918622797907089,
                    0.00013337809578920336,
                    0.00010316718439641956
                ],
                [
                    0.00013086456719877976,
                    0.00016918622797907089,
                    0.00021460780024198844,
                    0.00026709364720470344,
                    0.00032615134541383274,
                    0.0003907620242144036,
                    0.0004593493300739107,
                    0.0005297993051718324,
                    0.0005995387275454576,
                    0.0006656725670821146,
                    0.000725173020144732,
                    0.0007751043541580877,
                    0.0008128609782789633,
                    0.0008363921247914303,
                    0.0008443862541849587,
                    0.0008363921247914303,
                    0.0008128609782789633,
                    0.0007751043541580877,
                    0.000725173020144732,
                    0.0006656725670821146,
                    0.0005995387275454576,
                    0.0005297993051718324,
                    0.0004593493300739107,
                    0.0003907620242144036,
                    0.00032615134541383274,
                    0.00026709364720470344,
                    0.00021460780024198844,
                    0.00016918622797907089,
                    0.00013086456719877976
                ],
                [
                    0.00016286963709415274,
                    0.00021056348668027237,
                    0.00026709364720470344,
                    0.0003324157663266191,
                    0.0004059169903846663,
                    0.00048632926724392884,
                    0.0005716907203379161,
                    0.0006593703888922135,
                    0.0007461657274340438,
                    0.0008284736788951685,
                    0.0009025259407463545,
                    0.0009646687990040021,
                    0.00101165942297578,
                    0.0010409454961652737,
                    0.0010508947206274608,
                    0.0010409454961652737,
                    0.00101165942297578,
                    0.0009646687990040021,
                    0.0009025259407463545,
                    0.0008284736788951685,
                    0.0007461657274340438,
                    0.0006593703888922135,
                    0.0005716907203379161,
                    0.00048632926724392884,
                    0.0004059169903846663,
                    0.0003324157663266191,
                    0.00026709364720470344,
                    0.00021056348668027237,
                    0.00016286963709415274
                ],
                [
                    0.00019888212176236728,
                    0.0002571216694763421,
                    0.00032615134541383274,
                    0.0004059169903846663,
                    0.0004956702412275172,
                    0.0005938626638475047,
                    0.0006980985865826728,
                    0.000805165310796095,
                    0.0009111521687290026,
                    0.0010116594229757803,
                    0.0011020855528611952,
                    0.0011779689631957707,
                    0.0012353497934424924,
                    0.00127111137846185,
                    0.0012832604991097091,
                    0.00127111137846185,
                    0.0012353497934424924,
                    0.0011779689631957707,
                    0.0011020855528611952,
                    0.0010116594229757803,
                    0.0009111521687290026,
                    0.000805165310796095,
                    0.0006980985865826728,
                    0.0005938626638475047,
                    0.0004956702412275172,
                    0.0004059169903846663,
                    0.00032615134541383274,
                    0.0002571216694763421,
                    0.00019888212176236728
                ],
                [
                    0.00023828072939975078,
                    0.0003080575488857113,
                    0.0003907620242144036,
                    0.00048632926724392884,
                    0.0005938626638475047,
                    0.0007115070346742367,
                    0.0008363921247914303,
                    0.000964668799004002,
                    0.0010916516851038208,
                    0.0012120694563930046,
                    0.0013204090295781618,
                    0.0014113249661321164,
                    0.0014800729559644498,
                    0.0015229189216419748,
                    0.0015374747867136294,
                    0.0015229189216419748,
                    0.0014800729559644498,
                    0.0014113249661321164,
                    0.0013204090295781618,
                    0.0012120694563930046,
                    0.0010916516851038208,
                    0.000964668799004002,
                    0.0008363921247914303,
                    0.0007115070346742367,
                    0.0005938626638475047,
                    0.00048632926724392884,
                    0.0003907620242144036,
                    0.0003080575488857113,
                    0.00023828072939975078
                ],
                [
                    0.00028010422363674463,
                    0.0003621284053621874,
                    0.0004593493300739107,
                    0.0005716907203379161,
                    0.0006980985865826728,
                    0.0008363921247914303,
                    0.000983197287337311,
                    0.0011339893313751517,
                    0.0012832604991097091,
                    0.0014248142303912587,
                    0.0015521697748895895,
                    0.0016590434523741423,
                    0.0017398582222763563,
                    0.0017902245946737473,
                    0.0018073353333202492,
                    0.0017902245946737473,
                    0.0017398582222763563,
                    0.0016590434523741423,
                    0.0015521697748895895,
                    0.0014248142303912587,
                    0.0012832604991097091,
                    0.0011339893313751517,
                    0.000983197287337311,
                    0.0008363921247914303,
                    0.0006980985865826728,
                    0.0005716907203379161,
                    0.0004593493300739107,
                    0.0003621284053621874,
                    0.00028010422363674463
                ],
                [
                    0.0003230635451989557,
                    0.00041766769859662243,
                    0.0005297993051718324,
                    0.0006593703888922135,
                    0.000805165310796095,
                    0.000964668799004002,
                    0.0011339893313751517,
                    0.0013079082095061676,
                    0.0014800729559644498,
                    0.0016433366499930845,
                    0.0017902245946737469,
                    0.0019134893876437597,
                    0.0020066986428633666,
                    0.002064789658465522,
                    0.0020845246550190927,
                    0.002064789658465522,
                    0.0020066986428633666,
                    0.0019134893876437597,
                    0.0017902245946737469,
                    0.0016433366499930845,
                    0.0014800729559644498,
                    0.0013079082095061676,
                    0.0011339893313751517,
                    0.000964668799004002,
                    0.000805165310796095,
                    0.0006593703888922135,
                    0.0005297993051718324,
                    0.00041766769859662243,
                    0.0003230635451989557
                ],
                [
                    0.00036558958253462827,
                    0.0004726468270324415,
                    0.0005995387275454576,
                    0.0007461657274340438,
                    0.0009111521687290026,
                    0.0010916516851038208,
                    0.0012832604991097091,
                    0.0014800729559644498,
                    0.0016749003783717085,
                    0.0018596550702272437,
                    0.00202587841288914,
                    0.002165369001885716,
                    0.0022708477326509407,
                    0.002336585481334178,
                    0.002358918267742806,
                    0.002336585481334178,
                    0.0022708477326509407,
                    0.002165369001885716,
                    0.00202587841288914,
                    0.0018596550702272437,
                    0.0016749003783717085,
                    0.0014800729559644498,
                    0.0012832604991097091,
                    0.0010916516851038208,
                    0.0009111521687290026,
                    0.0007461657274340438,
                    0.0005995387275454576,
                    0.0004726468270324415,
                    0.00036558958253462827
                ],
                [
                    0.00040591699038466635,
                    0.0005247834914051422,
                    0.0006656725670821146,
                    0.0008284736788951685,
                    0.0010116594229757803,
                    0.0012120694563930046,
                    0.0014248142303912587,
                    0.0016433366499930845,
                    0.0018596550702272437,
                    0.0020647896584655226,
                    0.002249348743867266,
                    0.002404226242509097,
                    0.0025213401073106443,
                    0.002594329246976942,
                    0.002619125515467538,
                    0.002594329246976942,
                    0.0025213401073106443,
                    0.002404226242509097,
                    0.002249348743867266,
                    0.0020647896584655226,
                    0.0018596550702272437,
                    0.0016433366499930845,
                    0.0014248142303912587,
                    0.0012120694563930046,
                    0.0010116594229757803,
                    0.0008284736788951685,
                    0.0006656725670821146,
                    0.0005247834914051422,
                    0.00040591699038466635
                ],
                [
                    0.00044219946021749996,
                    0.0005716907203379162,
                    0.000725173020144732,
                    0.0009025259407463545,
                    0.0011020855528611952,
                    0.0013204090295781618,
                    0.0015521697748895895,
                    0.0017902245946737469,
                    0.00202587841288914,
                    0.002249348743867266,
                    0.0024504044519950453,
                    0.002619125515467538,
                    0.0027467074817955624,
                    0.0028262206801260644,
                    0.002853233337397589,
                    0.0028262206801260644,
                    0.0027467074817955624,
                    0.002619125515467538,
                    0.0024504044519950453,
                    0.002249348743867266,
                    0.00202587841288914,
                    0.0017902245946737469,
                    0.0015521697748895895,
                    0.0013204090295781618,
                    0.0011020855528611952,
                    0.0009025259407463545,
                    0.000725173020144732,
                    0.0005716907203379162,
                    0.00044219946021749996
                ],
                [
                    0.00047264682703244146,
                    0.000611054126747922,
                    0.0007751043541580877,
                    0.0009646687990040021,
                    0.0011779689631957707,
                    0.0014113249661321164,
                    0.0016590434523741423,
                    0.0019134893876437597,
                    0.002165369001885716,
                    0.002404226242509097,
                    0.002619125515467538,
                    0.0027994637620691715,
                    0.002935830304764273,
                    0.0030208183345543324,
                    0.003049690931420057,
                    0.0030208183345543324,
                    0.002935830304764273,
                    0.0027994637620691715,
                    0.002619125515467538,
                    0.002404226242509097,
                    0.002165369001885716,
                    0.0019134893876437597,
                    0.0016590434523741423,
                    0.0014113249661321164,
                    0.0011779689631957707,
                    0.0009646687990040021,
                    0.0007751043541580877,
                    0.000611054126747922,
                    0.00047264682703244146
                ],
                [
                    0.0004956702412275172,
                    0.0006408195910461984,
                    0.0008128609782789633,
                    0.00101165942297578,
                    0.0012353497934424924,
                    0.0014800729559644498,
                    0.0017398582222763563,
                    0.0020066986428633666,
                    0.0022708477326509407,
                    0.0025213401073106443,
                    0.0027467074817955624,
                    0.002935830304764273,
                    0.003078839488888985,
                    0.0031679674271679376,
                    0.0031982464563177857,
                    0.0031679674271679376,
                    0.003078839488888985,
                    0.002935830304764273,
                    0.0027467074817955624,
                    0.0025213401073106443,
                    0.0022708477326509407,
                    0.0020066986428633666,
                    0.0017398582222763563,
                    0.0014800729559644498,
                    0.0012353497934424924,
                    0.00101165942297578,
                    0.0008128609782789633,
                    0.0006408195910461984,
                    0.0004956702412275172
                ],
                [
                    0.0005100191758914615,
                    0.0006593703888922138,
                    0.0008363921247914303,
                    0.0010409454961652737,
                    0.00127111137846185,
                    0.0015229189216419748,
                    0.0017902245946737473,
                    0.002064789658465522,
                    0.002336585481334178,
                    0.002594329246976942,
                    0.0028262206801260644,
                    0.0030208183345543324,
                    0.0031679674271679376,
                    0.0032596754900069795,
                    0.003290831053140153,
                    0.0032596754900069795,
                    0.0031679674271679376,
                    0.0030208183345543324,
                    0.0028262206801260644,
                    0.002594329246976942,
                    0.002336585481334178,
                    0.002064789658465522,
                    0.0017902245946737473,
                    0.0015229189216419748,
                    0.00127111137846185,
                    0.0010409454961652737,
                    0.0008363921247914303,
                    0.0006593703888922138,
                    0.0005100191758914615
                ],
                [
                    0.0005148938742110729,
                    0.0006656725670821147,
                    0.0008443862541849587,
                    0.0010508947206274608,
                    0.0012832604991097091,
                    0.0015374747867136294,
                    0.0018073353333202492,
                    0.0020845246550190927,
                    0.002358918267742806,
                    0.002619125515467538,
                    0.002853233337397589,
                    0.003049690931420057,
                    0.0031982464563177857,
                    0.003290831053140153,
                    0.0033222843971773214,
                    0.003290831053140153,
                    0.0031982464563177857,
                    0.003049690931420057,
                    0.002853233337397589,
                    0.002619125515467538,
                    0.002358918267742806,
                    0.0020845246550190927,
                    0.0018073353333202492,
                    0.0015374747867136294,
                    0.0012832604991097091,
                    0.0010508947206274608,
                    0.0008443862541849587,
                    0.0006656725670821147,
                    0.0005148938742110729
                ],
                [
                    0.0005100191758914615,
                    0.0006593703888922138,
                    0.0008363921247914303,
                    0.0010409454961652737,
                    0.00127111137846185,
                    0.0015229189216419748,
                    0.0017902245946737473,
                    0.002064789658465522,
                    0.002336585481334178,
                    0.002594329246976942,
                    0.0028262206801260644,
                    0.0030208183345543324,
                    0.0031679674271679376,
                    0.0032596754900069795,
                    0.003290831053140153,
                    0.0032596754900069795,
                    0.0031679674271679376,
                    0.0030208183345543324,
                    0.0028262206801260644,
                    0.002594329246976942,
                    0.002336585481334178,
                    0.002064789658465522,
                    0.0017902245946737473,
                    0.0015229189216419748,
                    0.00127111137846185,
                    0.0010409454961652737,
                    0.0008363921247914303,
                    0.0006593703888922138,
                    0.0005100191758914615
                ],
                [
                    0.0004956702412275172,
                    0.0006408195910461984,
                    0.0008128609782789633,
                    0.00101165942297578,
                    0.0012353497934424924,
                    0.0014800729559644498,
                    0.0017398582222763563,
                    0.0020066986428633666,
                    0.0022708477326509407,
                    0.0025213401073106443,
                    0.0027467074817955624,
                    0.002935830304764273,
                    0.003078839488888985,
                    0.0031679674271679376,
                    0.0031982464563177857,
                    0.0031679674271679376,
                    0.003078839488888985,
                    0.002935830304764273,
                    0.0027467074817955624,
                    0.0025213401073106443,
                    0.0022708477326509407,
                    0.0020066986428633666,
                    0.0017398582222763563,
                    0.0014800729559644498,
                    0.0012353497934424924,
                    0.00101165942297578,
                    0.0008128609782789633,
                    0.0006408195910461984,
                    0.0004956702412275172
                ],
                [
                    0.00047264682703244146,
                    0.000611054126747922,
                    0.0007751043541580877,
                    0.0009646687990040021,
                    0.0011779689631957707,
                    0.0014113249661321164,
                    0.0016590434523741423,
                    0.0019134893876437597,
                    0.002165369001885716,
                    0.002404226242509097,
                    0.002619125515467538,
                    0.0027994637620691715,
                    0.002935830304764273,
                    0.0030208183345543324,
                    0.003049690931420057,
                    0.0030208183345543324,
                    0.002935830304764273,
                    0.0027994637620691715,
                    0.002619125515467538,
                    0.002404226242509097,
                    0.002165369001885716,
                    0.0019134893876437597,
                    0.0016590434523741423,
                    0.0014113249661321164,
                    0.0011779689631957707,
                    0.0009646687990040021,
                    0.0007751043541580877,
                    0.000611054126747922,
                    0.00047264682703244146
                ],
                [
                    0.00044219946021749996,
                    0.0005716907203379162,
                    0.000725173020144732,
                    0.0009025259407463545,
                    0.0011020855528611952,
                    0.0013204090295781618,
                    0.0015521697748895895,
                    0.0017902245946737469,
                    0.00202587841288914,
                    0.002249348743867266,
                    0.0024504044519950453,
                    0.002619125515467538,
                    0.0027467074817955624,
                    0.0028262206801260644,
                    0.002853233337397589,
                    0.0028262206801260644,
                    0.0027467074817955624,
                    0.002619125515467538,
                    0.0024504044519950453,
                    0.002249348743867266,
                    0.00202587841288914,
                    0.0017902245946737469,
                    0.0015521697748895895,
                    0.0013204090295781618,
                    0.0011020855528611952,
                    0.0009025259407463545,
                    0.000725173020144732,
                    0.0005716907203379162,
                    0.00044219946021749996
                ],
                [
                    0.00040591699038466635,
                    0.0005247834914051422,
                    0.0006656725670821146,
                    0.0008284736788951685,
                    0.0010116594229757803,
                    0.0012120694563930046,
                    0.0014248142303912587,
                    0.0016433366499930845,
                    0.0018596550702272437,
                    0.0020647896584655226,
                    0.002249348743867266,
                    0.002404226242509097,
                    0.0025213401073106443,
                    0.002594329246976942,
                    0.002619125515467538,
                    0.002594329246976942,
                    0.0025213401073106443,
                    0.002404226242509097,
                    0.002249348743867266,
                    0.0020647896584655226,
                    0.0018596550702272437,
                    0.0016433366499930845,
                    0.0014248142303912587,
                    0.0012120694563930046,
                    0.0010116594229757803,
                    0.0008284736788951685,
                    0.0006656725670821146,
                    0.0005247834914051422,
                    0.00040591699038466635
                ],
                [
                    0.00036558958253462827,
                    0.0004726468270324415,
                    0.0005995387275454576,
                    0.0007461657274340438,
                    0.0009111521687290026,
                    0.0010916516851038208,
                    0.0012832604991097091,
                    0.0014800729559644498,
                    0.0016749003783717085,
                    0.0018596550702272437,
                    0.00202587841288914,
                    0.002165369001885716,
                    0.0022708477326509407,
                    0.002336585481334178,
                    0.002358918267742806,
                    0.002336585481334178,
                    0.0022708477326509407,
                    0.002165369001885716,
                    0.00202587841288914,
                    0.0018596550702272437,
                    0.0016749003783717085,
                    0.0014800729559644498,
                    0.0012832604991097091,
                    0.0010916516851038208,
                    0.0009111521687290026,
                    0.0007461657274340438,
                    0.0005995387275454576,
                    0.0004726468270324415,
                    0.00036558958253462827
                ],
                [
                    0.0003230635451989557,
                    0.00041766769859662243,
                    0.0005297993051718324,
                    0.0006593703888922135,
                    0.000805165310796095,
                    0.000964668799004002,
                    0.0011339893313751517,
                    0.0013079082095061676,
                    0.0014800729559644498,
                    0.0016433366499930845,
                    0.0017902245946737469,
                    0.0019134893876437597,
                    0.0020066986428633666,
                    0.002064789658465522,
                    0.0020845246550190927,
                    0.002064789658465522,
                    0.0020066986428633666,
                    0.0019134893876437597,
                    0.0017902245946737469,
                    0.0016433366499930845,
                    0.0014800729559644498,
                    0.0013079082095061676,
